nBuses = 50;
nDrivers = 50;
nServices = 100;

start = [998 431 57 963 917 68 612 70 449 540 349 906 409 423 280 1317 974 1298 400 428 637 178 547 459 158 50 961 604 704 1044 1233 538 50 701 1163 541 639 1248 1319 704 745 1350 1309 1318 3 153 281 143 849 1167 1199 1324 381 285 426 1227 264 450 1221 836 974 1042 277 1158 87 342 844 921 790 531 177 775 792 141 789 763 938 1099 1374 227 964 1080 982 166 235 1118 1146 4 139 15 146 299 749 1391 1039 563 392 1139 1404 930];
minutes = [124 139 76 48 74 71 148 75 86 51 27 77 106 132 96 65 97 143 140 36 108 20 101 112 51 58 62 143 43 139 145 37 54 86 149 101 51 54 138 20 125 119 93 17 82 101 107 127 143 40 22 88 73 24 57 122 55 55 74 81 30 90 24 114 48 19 73 126 81 53 130 121 133 107 90 118 61 53 46 97 38 31 68 98 59 147 140 114 143 54 117 16 76 28 35 21 123 147 146 76];
kms = [138 146 145 80 129 71 211 82 104 72 46 103 143 253 167 110 163 225 245 72 166 39 163 205 101 100 110 261 43 147 251 40 103 155 243 145 76 75 192 28 142 130 186 33 145 153 178 207 162 74 43 165 117 32 109 214 98 77 93 90 37 172 26 178 73 27 146 229 137 86 239 125 256 207 106 130 113 59 50 125 42 37 114 175 107 264 231 221 279 73 144 27 121 41 39 21 130 202 237 79];
passengers = [22 10 7 10 16 27 27 9 13 7 22 25 8 12 14 16 18 11 21 24 18 23 13 27 12 22 14 22 26 12 10 18 29 28 18 30 10 26 22 11 18 8 15 13 10 16 13 29 14 30 19 22 6 29 29 24 9 20 11 19 7 15 26 6 21 27 11 28 19 29 20 21 22 21 10 20 9 18 29 15 28 11 11 28 26 10 25 15 16 10 20 20 13 12 19 8 9 19 25 27];

capacity = [12 19 10 19 21 27 29 27 15 30 14 22 28 12 18 28 29 15 24 20 14 29 26 16 24 26 12 18 28 22 27 14 19 19 21 24 27 23 19 12 10 29 23 18 24 30 22 29 21 15];
costKm = [0.172386231206 0.0486748300686 0.109501708572 0.186461423878 0.0749532841111 0.0472687223581 0.138577629706 0.019948110337 0.0390275520698 0.101479794292 0.101696147087 0.13895637791 0.184112084654 0.0250931986514 0.103287676181 0.183002877272 0.190378059008 0.141574734932 0.168667709512 0.106382701125 0.172737069606 0.0637925663743 0.173586948378 0.0370588503516 0.0473540003107 0.176504739109 0.0864833496605 0.0358410207148 0.174594831174 0.0345806550996 0.049015766699 0.187010124132 0.14268838311 0.090895773782 0.156335309592 0.0498866589426 0.162878095215 0.028964723982 0.150329466121 0.182310390402 0.143324550548 0.135664293101 0.158148717108 0.04886667502 0.183409602464 0.0804207909215 0.162542218807 0.0127719408887 0.103018815155 0.111935108907];
costMinute = [0.155986033551 0.157578766753 0.147649366206 0.172517542955 0.158826976133 0.138251154708 0.150675198031 0.0782953999766 0.190350863139 0.107853725921 0.0423752009426 0.18983221653 0.184613926485 0.19696942188 0.0571334174144 0.184523968607 0.19613280272 0.0728041603909 0.0922622272252 0.171600590864 0.0232867058121 0.0169041774796 0.0836813329806 0.0124927648217 0.11450350649 0.121465909649 0.0840186257337 0.161116075948 0.115127227548 0.0825690638196 0.125326599978 0.150435085222 0.199033654059 0.0391395782108 0.160573506938 0.17597549852 0.163025212235 0.0819849594935 0.0744971279108 0.128825398402 0.120353707805 0.0591604272594 0.131620135339 0.164561581282 0.0970458378184 0.198900771948 0.121302787249 0.112133514268 0.0381562293731 0.18752837326];

maxDrivingMinutes = [180 210 310 322 304 300 222 338 238 368 254 220 372 222 214 280 194 288 310 196 338 242 338 338 368 256 226 364 216 176 220 182 344 368 232 268 226 236 258 328 226 212 166 310 298 194 370 328 364 304];
maxBuses = 387;

baseMinutes = 200;
costBaseMinute = 0.2;
costExtraMinute = 0.3;
