nBuses = 50;
nDrivers = 50;
nServices = 100;

start = [811 1099 48 28 56 445 724 1293 1280 1256 476 248 698 990 1234 119 48 47 42 136 411 1118 616 121 1161 274 330 994 1296 1279 1404 1360 572 564 1008 69 852 908 452 474 207 1400 861 1173 942 739 1049 13 986 889 941 1122 310 591 1110 1093 1059 408 540 1354 131 348 128 651 22 1372 1220 392 305 1242 481 462 710 167 711 377 1170 705 519 948 1018 393 708 103 1188 789 929 237 1378 336 929 309 230 671 1187 407 643 1194 1335 452];
minutes = [145 128 46 80 59 133 92 25 125 81 136 111 49 58 49 16 108 150 116 60 132 121 69 86 115 124 138 98 123 11 14 88 22 130 112 96 107 13 71 125 150 58 128 71 43 15 142 134 34 90 49 130 67 86 78 112 139 48 125 13 112 133 80 72 88 89 76 144 52 26 47 136 116 108 109 41 115 62 81 49 96 148 107 78 27 61 146 140 72 83 107 77 20 103 99 89 127 16 66 67];
kms = [267 157 68 97 75 185 105 40 230 90 242 164 64 110 88 23 175 197 216 90 264 186 72 169 127 247 264 167 210 21 22 102 26 235 113 170 204 25 110 134 165 79 193 125 79 22 247 182 41 170 71 163 110 128 78 219 169 66 211 19 141 172 152 102 169 153 104 183 78 41 63 254 175 156 121 79 138 124 144 56 112 196 156 104 30 109 247 249 134 159 155 96 29 180 125 89 151 23 105 112];
passengers = [12 20 14 25 19 11 27 25 6 9 5 12 10 10 11 7 30 23 29 19 12 14 16 20 11 8 7 11 30 6 16 28 23 10 19 25 10 8 19 16 28 15 29 24 9 30 29 15 24 9 18 29 30 24 11 5 17 30 28 6 7 15 22 7 11 24 26 29 7 19 22 14 16 25 24 12 20 9 28 18 5 5 28 26 18 26 5 19 22 14 18 26 20 25 11 19 15 9 22 5];

capacity = [20 17 11 12 10 21 30 17 16 26 13 10 11 14 23 13 26 22 11 11 25 10 19 11 27 23 29 21 10 30 12 23 27 10 15 18 28 10 15 10 11 28 22 13 30 20 24 18 19 16];
costKm = [0.0171958549034 0.152370466268 0.0256544343257 0.145914779106 0.15961198252 0.0297936278963 0.194327333402 0.0449455893254 0.185071130703 0.0265913720435 0.121325058533 0.112986589043 0.0883072571447 0.0774702581015 0.0481270420415 0.0572339819679 0.055211587178 0.154813491311 0.0398971224713 0.122998374552 0.0995938132038 0.0761681469805 0.101410177138 0.143752243994 0.0876389945135 0.0873823136561 0.167658134689 0.0798093016731 0.0923688063513 0.164837276098 0.0343091489427 0.155723682303 0.0101836300051 0.12200174556 0.0277066394058 0.0490555088017 0.0711598343106 0.117055516127 0.0382140396022 0.196810020143 0.197321594597 0.0786656691769 0.125647454513 0.129398804274 0.100008608137 0.123234000582 0.067192631202 0.0182862414008 0.0227282200149 0.0777422371572];
costMinute = [0.160526120393 0.0458080696579 0.169630897919 0.169792735196 0.0503531794276 0.0263487277118 0.0961142834534 0.143714061667 0.143065904611 0.140044785858 0.0489444384995 0.166726466196 0.169937481662 0.160153567942 0.0709156073798 0.0695237041648 0.114026554682 0.160143950703 0.0732285896691 0.174779848908 0.169015177349 0.121756464094 0.092920959106 0.150145622956 0.0805983270166 0.106472800181 0.0479483342153 0.147940962362 0.192293135624 0.0408080022004 0.182566156769 0.146336224676 0.150585845527 0.142057138507 0.0676829873599 0.0443588815728 0.0402611337929 0.0960986629512 0.079066967235 0.0287617541132 0.0810795459087 0.0838027181871 0.17529595241 0.151765245552 0.138156522112 0.156512019868 0.0904660859147 0.161507197276 0.157060595057 0.0686961561474];

maxDrivingMinutes = [306 334 308 210 364 370 176 340 308 166 288 202 180 318 310 176 308 372 174 234 258 354 300 164 318 218 208 312 320 166 348 314 186 332 344 196 348 204 186 300 374 326 228 164 374 350 256 170 184 286];
maxBuses = 508;

baseMinutes = 200;
costBaseMinute = 0.2;
costExtraMinute = 0.3;
