nBuses = 20;
nDrivers = 20;
nServices = 50;

start = [1414 1431 158 665 162 391 14 1153 56 472 416 404 285 840 1340 702 1133 144 149 418 373 828 1037 1298 416 824 140 1116 267 1334 360 740 886 189 1165 417 1372 970 887 466 798 726 44 1284 955 1163 673 883 32 1122];
minutes = [33 30 32 39 26 49 43 38 44 47 10 13 28 13 36 30 50 11 42 40 11 48 46 21 33 43 34 30 29 40 47 29 23 27 45 37 14 45 22 41 23 21 41 11 25 27 41 14 31 13];
kms = [60 42 52 51 28 49 57 50 72 82 20 23 36 22 66 59 59 11 68 44 14 93 69 40 58 74 63 51 36 62 68 47 26 53 68 49 17 59 26 74 46 32 74 15 42 44 62 22 52 22];
passengers = [28 19 19 21 11 8 26 15 9 8 23 16 25 21 19 6 22 27 22 13 8 14 24 21 17 15 13 16 16 8 24 27 15 30 9 16 8 20 13 13 14 12 24 5 11 21 14 5 27 26];

capacity = [28 19 20 29 20 23 24 20 28 19 21 18 21 17 15 21 30 18 23 22];
costKm = [0.0741556396142 0.0671374292443 0.0744342678934 0.0613443883282 0.03632737923 0.126437328737 0.126085688743 0.157457839284 0.172452935748 0.0447711381735 0.0362056246146 0.0392695343626 0.0455993639275 0.133496581994 0.127079629896 0.0603579113467 0.0344623680676 0.0112969538539 0.123252391431 0.086888220322];
costMinute = [0.187305114282 0.161378463223 0.0661835055113 0.134253991559 0.0478175216167 0.0951437823662 0.0713224051425 0.13075469587 0.17930644111 0.0397828080695 0.177944477415 0.18025977508 0.0344087539786 0.181716732411 0.119282132895 0.122377307342 0.119502887693 0.182749367754 0.0392124631569 0.115782607509];

maxDrivingMinutes = [87 97 90 102 80 82 92 132 132 120 115 140 155 115 137 142 117 120 140 107];
maxBuses = 97;

baseMinutes = 200;
costBaseMinute = 0.2;
costExtraMinute = 0.3;
