nBuses = 20;
nDrivers = 20;
nServices = 50;

start = [766 155 341 293 404 863 435 860 593 960 1435 716 489 449 134 1350 1422 827 1018 755 1340 946 1394 953 758 1041 762 4 1111 399 930 1401 1112 1140 549 1333 678 385 495 1138 1025 1230 271 786 541 1079 798 1317 1355 1307];
minutes = [44 38 36 39 31 34 32 12 12 38 13 18 18 15 34 29 28 35 31 41 26 14 22 37 38 21 35 41 10 26 46 11 11 13 15 21 13 15 30 41 13 16 41 35 27 10 48 13 36 21];
kms = [57 55 67 75 44 39 53 19 23 62 21 18 25 30 47 45 32 43 58 42 33 26 30 50 56 40 68 55 13 35 59 15 13 25 17 32 24 26 34 41 25 21 70 56 34 11 56 22 58 40];
passengers = [13 19 5 16 29 5 24 16 19 28 8 17 15 10 5 30 10 15 18 25 24 27 26 29 7 20 18 22 20 19 19 23 6 25 15 21 17 6 11 22 18 5 22 21 28 30 6 29 18 24];

capacity = [12 21 30 21 17 16 24 23 24 29 20 23 12 25 26 17 28 27 15 11];
costKm = [0.111968297128 0.145580412835 0.0965407115361 0.0126908251137 0.137761332348 0.161772116938 0.0104046113053 0.157720877662 0.195974228868 0.149175308673 0.193266150577 0.126873883475 0.0878933468835 0.028128667363 0.0782132815839 0.022718713289 0.145072223114 0.0757473834823 0.0660829838402 0.0912094745049];
costMinute = [0.143635882998 0.120338432291 0.164329025697 0.0317731706655 0.0324715168574 0.0753448328402 0.059568547809 0.0136873095698 0.078324202528 0.0499338618716 0.172877769925 0.0933176666501 0.0614440385208 0.177660063951 0.115935700419 0.184187956889 0.120637178578 0.114898375037 0.197643461216 0.0683603677292];

maxDrivingMinutes = [137 152 152 152 137 120 150 117 82 150 107 127 155 95 137 85 85 147 97 120];
maxBuses = 62;

baseMinutes = 200;
costBaseMinute = 0.2;
costExtraMinute = 0.3;
